SkelTxt
1.0.0
2022:03:05.16:52:10
joint_count 71
joint root
local_bind_transform
1.000000 0.000000 0.000000 0.000000
0.000000 0.000000 1.000000 0.000000
0.000000 -1.000000 0.000000 0.000000
0.000000 0.000000 0.000000 1.000000
child_count 1
1 
joint DEF-spine
local_bind_transform
1.000000 0.000000 0.000000 0.000000
0.000000 -0.210673 -0.977557 0.050865
0.000000 0.977557 -0.210673 0.903932
0.000000 0.000000 0.000000 1.000000
child_count 5
2 57 58 59 65 
joint DEF-spine.001
local_bind_transform
1.000000 0.000000 -0.000000 0.000000
0.000000 0.996042 0.088880 0.166209
0.000000 -0.088880 0.996042 -0.000000
0.000000 0.000000 0.000000 1.000000
child_count 1
3 
joint DEF-spine.002
local_bind_transform
1.000000 -0.000000 0.000000 0.000000
-0.000000 0.975396 0.220462 0.125906
-0.000000 -0.220462 0.975396 0.000000
0.000000 0.000000 0.000000 1.000000
child_count 1
4 
joint DEF-spine.003
local_bind_transform
1.000000 0.000000 0.000000 0.000000
-0.000000 0.991279 0.131777 0.160013
0.000000 -0.131777 0.991279 0.000000
0.000000 0.000000 0.000000 1.000000
child_count 3
5 7 32 
joint DEF-spine.004
local_bind_transform
1.000000 -0.000000 -0.000000 0.000000
-0.000000 0.869581 -0.493791 0.178247
0.000000 0.493791 0.869581 0.000000
0.000000 0.000000 0.000000 1.000000
child_count 1
6 
joint DEF-spine.005
local_bind_transform
1.000000 -0.000000 -0.000000 -0.000000
0.000000 0.966022 0.258462 0.118209
-0.000000 -0.258462 0.966022 -0.000000
0.000000 0.000000 0.000000 1.000000
child_count 0

joint DEF-shoulder.L
local_bind_transform
0.478973 0.876317 0.051510 0.016863
-0.200955 0.052339 0.978201 0.123592
0.854519 -0.478883 0.201169 0.035561
0.000000 0.000000 0.000000 1.000000
child_count 1
8 
joint DEF-upper_arm.L
local_bind_transform
-0.053091 0.452232 0.890319 -0.001609
0.078276 0.890718 -0.447767 0.171974
-0.995517 0.045918 -0.082688 -0.001519
0.000000 0.000000 0.000000 1.000000
child_count 1
9 
joint DEF-upper_arm.L.001
local_bind_transform
1.000000 -0.000001 0.000001 0.000000
0.000001 1.000000 0.000000 0.151015
-0.000001 -0.000000 1.000000 -0.000000
0.000000 0.000000 0.000000 1.000000
child_count 1
10 
joint DEF-forearm.L
local_bind_transform
1.000000 0.000000 0.000000 0.000000
-0.000000 0.997944 -0.064088 0.151014
-0.000000 0.064088 0.997944 -0.000000
0.000000 0.000000 0.000000 1.000000
child_count 1
11 
joint DEF-forearm.L.001
local_bind_transform
1.000000 -0.000000 0.000000 -0.000000
0.000000 1.000000 0.000000 0.129525
-0.000000 -0.000000 1.000000 -0.000000
0.000000 0.000000 0.000000 1.000000
child_count 1
12 
joint DEF-hand.L
local_bind_transform
0.999895 -0.014460 0.000001 0.000000
0.014459 0.999835 -0.011040 0.129525
0.000158 0.011039 0.999939 -0.000000
0.000000 0.000000 0.000000 1.000000
child_count 4
13 20 24 28 
joint DEF-palm.01.L
local_bind_transform
-0.015126 -0.014124 0.999786 -0.006864
0.155928 0.987634 0.016311 0.043137
-0.987653 0.156142 -0.012736 0.023438
0.000000 0.000000 0.000000 1.000000
child_count 2
14 17 
joint DEF-f_index.01.L
local_bind_transform
0.995850 0.077001 -0.048514 -0.000000
-0.080581 0.993788 -0.076762 0.076627
0.042302 0.080352 0.995868 0.000000
0.000000 0.000000 0.000000 1.000000
child_count 1
15 
joint DEF-f_index.02.L
local_bind_transform
1.000000 -0.000000 0.000000 0.000000
0.000000 1.000000 -0.000001 0.046517
-0.000000 0.000001 1.000000 -0.000000
0.000000 0.000000 0.000000 1.000000
child_count 1
16 
joint DEF-f_index.03.L
local_bind_transform
1.000000 0.000000 -0.000005 -0.000000
-0.000000 1.000000 0.000001 0.030173
0.000005 -0.000001 1.000000 -0.000000
0.000000 0.000000 0.000000 1.000000
child_count 0

joint DEF-thumb.01.L
local_bind_transform
-0.247406 -0.477116 0.843298 -0.007202
-0.033463 0.874044 0.484694 0.010021
-0.968334 0.091697 -0.232210 0.021019
0.000000 0.000000 0.000000 1.000000
child_count 1
18 
joint DEF-thumb.02.L
local_bind_transform
0.999999 -0.001431 -0.000000 0.000000
0.001424 0.995084 -0.099030 0.039754
0.000142 0.099030 0.995085 0.000000
0.000000 0.000000 0.000000 1.000000
child_count 1
19 
joint DEF-thumb.03.L
local_bind_transform
0.999996 0.002942 -0.000167 -0.000000
-0.002942 0.993181 -0.116546 0.034543
-0.000177 0.116546 0.993185 0.000000
0.000000 0.000000 0.000000 1.000000
child_count 0

joint DEF-palm.02.L
local_bind_transform
0.058909 0.021886 0.998023 -0.008611
0.053913 0.998231 -0.025073 0.046917
-0.996807 0.055284 0.057625 0.005145
0.000000 0.000000 0.000000 1.000000
child_count 1
21 
joint DEF-f_middle.01.L
local_bind_transform
0.998649 0.045038 0.025917 0.000000
-0.044154 0.998456 -0.033705 0.075309
-0.027395 0.032516 0.999096 -0.000000
0.000000 0.000000 0.000000 1.000000
child_count 1
22 
joint DEF-f_middle.02.L
local_bind_transform
1.000000 0.000000 -0.000262 0.000000
-0.000000 1.000000 -0.000002 0.047864
0.000262 0.000002 1.000000 -0.000000
0.000000 0.000000 0.000000 1.000000
child_count 1
23 
joint DEF-f_middle.03.L
local_bind_transform
1.000000 -0.000000 -0.000250 -0.000000
0.000000 1.000000 0.000001 0.033015
0.000250 -0.000001 1.000000 -0.000000
0.000000 0.000000 0.000000 1.000000
child_count 0

joint DEF-palm.03.L
local_bind_transform
0.111635 0.077698 0.990707 -0.006957
-0.060125 0.995641 -0.071310 0.045726
-0.991929 -0.051606 0.115820 -0.011750
0.000000 0.000000 0.000000 1.000000
child_count 1
25 
joint DEF-f_ring.01.L
local_bind_transform
0.999513 -0.017841 -0.025614 0.000073
0.019350 0.998014 0.059948 0.075605
0.024494 -0.060414 0.997873 -0.001120
0.000000 0.000000 0.000000 1.000000
child_count 1
26 
joint DEF-f_ring.02.L
local_bind_transform
1.000000 0.000000 0.000417 -0.000000
-0.000000 1.000000 0.000000 0.045539
-0.000417 -0.000000 1.000000 0.000000
0.000000 0.000000 0.000000 1.000000
child_count 1
27 
joint DEF-f_ring.03.L
local_bind_transform
1.000000 0.000000 -0.000234 0.000000
-0.000000 1.000000 -0.000004 0.033550
0.000234 0.000004 1.000000 0.000000
0.000000 0.000000 0.000000 1.000000
child_count 0

joint DEF-palm.04.L
local_bind_transform
0.167490 0.132233 0.976965 -0.003583
-0.152760 0.982477 -0.106790 0.042203
-0.973967 -0.131355 0.184755 -0.027897
0.000000 0.000000 0.000000 1.000000
child_count 1
29 
joint DEF-f_pinky.01.L
local_bind_transform
0.999191 -0.039521 0.007377 0.000062
0.038217 0.990663 0.130866 0.076473
-0.012480 -0.130478 0.991372 0.000006
0.000000 0.000000 0.000000 1.000000
child_count 1
30 
joint DEF-f_pinky.02.L
local_bind_transform
1.000000 0.000000 -0.000000 -0.000000
-0.000000 1.000000 -0.000000 0.035258
0.000000 0.000000 1.000000 -0.000000
0.000000 0.000000 0.000000 1.000000
child_count 1
31 
joint DEF-f_pinky.03.L
local_bind_transform
1.000000 0.000000 -0.000421 0.000000
-0.000000 1.000000 -0.000003 0.028505
0.000421 0.000003 1.000000 -0.000000
0.000000 0.000000 0.000000 1.000000
child_count 0

joint DEF-shoulder.R
local_bind_transform
0.478973 -0.876317 -0.051510 -0.016863
0.200955 0.052339 0.978201 0.123592
-0.854519 -0.478883 0.201169 0.035561
0.000000 0.000000 0.000000 1.000000
child_count 1
33 
joint DEF-upper_arm.R
local_bind_transform
-0.053091 -0.452232 -0.890319 0.001609
-0.078276 0.890717 -0.447767 0.171974
0.995517 0.045918 -0.082688 -0.001520
0.000000 0.000000 0.000000 1.000000
child_count 1
34 
joint DEF-upper_arm.R.001
local_bind_transform
1.000000 0.000001 -0.000001 -0.000000
-0.000001 1.000000 -0.000000 0.151015
0.000001 0.000000 1.000000 -0.000000
0.000000 0.000000 0.000000 1.000000
child_count 1
35 
joint DEF-forearm.R
local_bind_transform
1.000000 -0.000000 -0.000001 0.000000
0.000000 0.997944 -0.064088 0.151015
0.000001 0.064088 0.997944 -0.000000
0.000000 0.000000 0.000000 1.000000
child_count 1
36 
joint DEF-forearm.R.001
local_bind_transform
1.000000 -0.000000 -0.000000 0.000000
0.000000 1.000000 0.000000 0.129525
0.000000 -0.000000 1.000000 -0.000000
0.000000 0.000000 0.000000 1.000000
child_count 1
37 
joint DEF-hand.R
local_bind_transform
0.999896 0.014460 -0.000001 -0.000000
-0.014459 0.999835 -0.011041 0.129525
-0.000158 0.011039 0.999939 0.000000
0.000000 0.000000 0.000000 1.000000
child_count 4
38 45 49 53 
joint DEF-palm.01.R
local_bind_transform
-0.015126 0.014124 -0.999786 0.006864
-0.155928 0.987634 0.016311 0.043136
0.987653 0.156142 -0.012736 0.023438
0.000000 0.000000 0.000000 1.000000
child_count 2
39 42 
joint DEF-f_index.01.R
local_bind_transform
0.995850 -0.077001 0.048514 0.000000
0.080581 0.993788 -0.076762 0.076627
-0.042302 0.080352 0.995868 0.000000
0.000000 0.000000 0.000000 1.000000
child_count 1
40 
joint DEF-f_index.02.R
local_bind_transform
1.000000 0.000000 -0.000000 -0.000000
-0.000000 1.000000 -0.000001 0.046517
0.000000 0.000001 1.000000 0.000000
0.000000 0.000000 0.000000 1.000000
child_count 1
41 
joint DEF-f_index.03.R
local_bind_transform
1.000000 -0.000000 0.000005 -0.000000
0.000000 1.000000 0.000001 0.030173
-0.000005 -0.000001 1.000000 0.000000
0.000000 0.000000 0.000000 1.000000
child_count 0

joint DEF-thumb.01.R
local_bind_transform
-0.247406 0.477116 -0.843297 0.007202
0.033463 0.874044 0.484694 0.010021
0.968334 0.091696 -0.232210 0.021019
0.000000 0.000000 0.000000 1.000000
child_count 1
43 
joint DEF-thumb.02.R
local_bind_transform
0.999999 0.001432 0.000000 -0.000000
-0.001424 0.995083 -0.099030 0.039754
-0.000142 0.099030 0.995084 -0.000000
0.000000 0.000000 0.000000 1.000000
child_count 1
44 
joint DEF-thumb.03.R
local_bind_transform
0.999996 -0.002943 0.000167 -0.000000
0.002942 0.993181 -0.116546 0.034543
0.000177 0.116546 0.993185 0.000000
0.000000 0.000000 0.000000 1.000000
child_count 0

joint DEF-palm.02.R
local_bind_transform
0.058909 -0.021886 -0.998023 0.008611
-0.053913 0.998231 -0.025073 0.046917
0.996807 0.055283 0.057625 0.005145
0.000000 0.000000 0.000000 1.000000
child_count 1
46 
joint DEF-f_middle.01.R
local_bind_transform
0.998649 -0.045038 -0.025917 0.000000
0.044154 0.998456 -0.033705 0.075309
0.027395 0.032516 0.999096 0.000000
0.000000 0.000000 0.000000 1.000000
child_count 1
47 
joint DEF-f_middle.02.R
local_bind_transform
1.000000 -0.000000 0.000262 0.000000
0.000000 1.000000 -0.000002 0.047863
-0.000262 0.000002 1.000000 -0.000000
0.000000 0.000000 0.000000 1.000000
child_count 1
48 
joint DEF-f_middle.03.R
local_bind_transform
1.000000 0.000000 0.000250 0.000000
-0.000000 1.000000 0.000001 0.033015
-0.000250 -0.000001 1.000000 -0.000000
0.000000 0.000000 0.000000 1.000000
child_count 0

joint DEF-palm.03.R
local_bind_transform
0.111635 -0.077698 -0.990707 0.006957
0.060126 0.995641 -0.071310 0.045725
0.991929 -0.051606 0.115820 -0.011750
0.000000 0.000000 0.000000 1.000000
child_count 1
50 
joint DEF-f_ring.01.R
local_bind_transform
0.999513 0.017841 0.025614 -0.000073
-0.019350 0.998014 0.059948 0.075605
-0.024494 -0.060414 0.997873 -0.001120
0.000000 0.000000 0.000000 1.000000
child_count 1
51 
joint DEF-f_ring.02.R
local_bind_transform
1.000000 -0.000000 0.000043 0.000000
0.000000 1.000000 0.000000 0.045539
-0.000043 -0.000000 1.000000 0.000000
0.000000 0.000000 0.000000 1.000000
child_count 1
52 
joint DEF-f_ring.03.R
local_bind_transform
1.000000 -0.000000 -0.000226 -0.000000
0.000000 1.000000 -0.000004 0.033550
0.000226 0.000004 1.000000 -0.000000
0.000000 0.000000 0.000000 1.000000
child_count 0

joint DEF-palm.04.R
local_bind_transform
0.167491 -0.132233 -0.976965 0.003583
0.152761 0.982477 -0.106790 0.042203
0.973967 -0.131356 0.184756 -0.027897
0.000000 0.000000 0.000000 1.000000
child_count 1
54 
joint DEF-f_pinky.01.R
local_bind_transform
0.999192 0.039521 -0.007376 -0.000062
-0.038217 0.990663 0.130866 0.076473
0.012480 -0.130478 0.991372 0.000007
0.000000 0.000000 0.000000 1.000000
child_count 1
55 
joint DEF-f_pinky.02.R
local_bind_transform
1.000000 -0.000000 0.000000 0.000000
0.000000 1.000000 -0.000000 0.035259
-0.000000 0.000000 1.000000 0.000000
0.000000 0.000000 0.000000 1.000000
child_count 1
56 
joint DEF-f_pinky.03.R
local_bind_transform
1.000000 -0.000000 0.000421 -0.000000
0.000000 1.000000 -0.000003 0.028505
-0.000421 0.000003 1.000000 -0.000000
0.000000 0.000000 0.000000 1.000000
child_count 0

joint DEF-pelvis.L
local_bind_transform
-0.421772 0.536322 -0.731073 0.000000
-0.088728 0.778015 0.621949 0.000000
0.902350 0.327188 -0.280558 -0.000000
0.000000 0.000000 0.000000 1.000000
child_count 0

joint DEF-pelvis.R
local_bind_transform
-0.421772 -0.536322 0.731073 0.000000
0.088728 0.778015 0.621949 0.000000
-0.902350 0.327187 -0.280558 -0.000000
0.000000 0.000000 0.000000 1.000000
child_count 0

joint DEF-thigh.L
local_bind_transform
1.000000 -0.000000 -0.000155 0.090304
-0.000033 -0.977511 -0.210886 0.064247
-0.000152 0.210886 -0.977510 0.026498
0.000000 0.000000 0.000000 1.000000
child_count 1
60 
joint DEF-thigh.L.001
local_bind_transform
1.000000 -0.000000 -0.000000 0.000000
0.000000 1.000000 0.000000 0.218417
0.000000 -0.000000 1.000000 0.000000
0.000000 0.000000 0.000000 1.000000
child_count 1
61 
joint DEF-shin.L
local_bind_transform
1.000000 0.000017 -0.000085 0.000000
-0.000026 0.994196 -0.107581 0.218417
0.000083 0.107581 0.994196 0.000000
0.000000 0.000000 0.000000 1.000000
child_count 1
62 
joint DEF-shin.L.001
local_bind_transform
1.000000 -0.000000 0.000000 -0.000000
-0.000000 1.000000 -0.000000 0.205250
-0.000000 0.000000 1.000000 0.000000
0.000000 0.000000 0.000000 1.000000
child_count 1
63 
joint DEF-foot.L
local_bind_transform
1.000000 -0.000216 -0.000139 -0.000000
0.000220 0.435891 0.900000 0.205250
-0.000134 -0.900000 0.435891 0.000000
0.000000 0.000000 0.000000 1.000000
child_count 1
64 
joint DEF-toe.L
local_bind_transform
-1.000000 -0.000090 -0.000225 -0.000000
-0.000001 0.929001 -0.370078 0.169887
0.000243 -0.370078 -0.929001 -0.000000
0.000000 0.000000 0.000000 1.000000
child_count 0

joint DEF-thigh.R
local_bind_transform
1.000000 -0.000000 -0.000156 -0.090304
-0.000033 -0.977511 -0.210886 0.064247
-0.000152 0.210886 -0.977510 0.026498
0.000000 0.000000 0.000000 1.000000
child_count 1
66 
joint DEF-thigh.R.001
local_bind_transform
1.000000 -0.000000 -0.000000 -0.000000
0.000000 1.000000 0.000000 0.218417
0.000000 -0.000000 1.000000 0.000000
0.000000 0.000000 0.000000 1.000000
child_count 1
67 
joint DEF-shin.R
local_bind_transform
1.000000 0.000017 -0.000085 -0.000000
-0.000026 0.994196 -0.107581 0.218417
0.000083 0.107581 0.994196 0.000000
0.000000 0.000000 0.000000 1.000000
child_count 1
68 
joint DEF-shin.R.001
local_bind_transform
1.000000 -0.000000 0.000000 0.000000
0.000000 1.000000 -0.000000 0.205250
-0.000000 0.000000 1.000000 -0.000000
0.000000 0.000000 0.000000 1.000000
child_count 1
69 
joint DEF-foot.R
local_bind_transform
1.000000 -0.000216 -0.000139 0.000000
0.000220 0.435891 0.900000 0.205250
-0.000134 -0.900000 0.435891 -0.000000
0.000000 0.000000 0.000000 1.000000
child_count 1
70 
joint DEF-toe.R
local_bind_transform
-1.000000 -0.000090 -0.000229 0.000000
0.000001 0.929001 -0.370078 0.169886
0.000246 -0.370078 -0.929001 -0.000000
0.000000 0.000000 0.000000 1.000000
child_count 0

