SkelTxt
1.0.0
2022:03:01.16:53:01
joint_count 7
joint root
local_bind_transform
1.000000 0.000000 0.000000 0.000000
0.000000 0.000000 1.000000 0.000000
0.000000 -1.000000 0.000000 0.000000
0.000000 0.000000 0.000000 1.000000
child_count 1
1 
joint DEF-spine
local_bind_transform
1.000000 0.000000 0.000000 0.000000
0.000000 -0.210673 -0.977557 0.050865
0.000000 0.977557 -0.210673 0.903932
0.000000 0.000000 0.000000 1.000000
child_count 1
2 
joint DEF-spine.001
local_bind_transform
1.000000 0.000000 -0.000000 0.000000
0.000000 0.996042 0.088880 0.166209
0.000000 -0.088880 0.996042 -0.000000
0.000000 0.000000 0.000000 1.000000
child_count 1
3 
joint DEF-spine.002
local_bind_transform
1.000000 -0.000000 0.000000 0.000000
-0.000000 0.975396 0.220462 0.125906
-0.000000 -0.220462 0.975396 0.000000
0.000000 0.000000 0.000000 1.000000
child_count 1
4 
joint DEF-spine.003
local_bind_transform
1.000000 0.000000 0.000000 0.000000
-0.000000 0.991279 0.131777 0.160013
0.000000 -0.131777 0.991279 0.000000
0.000000 0.000000 0.000000 1.000000
child_count 1
5 
joint DEF-spine.004
local_bind_transform
1.000000 -0.000000 -0.000000 0.000000
-0.000000 0.869581 -0.493791 0.178247
0.000000 0.493791 0.869581 0.000000
0.000000 0.000000 0.000000 1.000000
child_count 1
6 
joint DEF-spine.005
local_bind_transform
1.000000 -0.000000 -0.000000 -0.000000
0.000000 0.966022 0.258462 0.118209
-0.000000 -0.258462 0.966022 -0.000000
0.000000 0.000000 0.000000 1.000000
child_count 0

